Age      Sum       Man      Woman
----------------------------------
0        115882    60564    55318
1        153182    80749    72433
2        148661    78157    70504
3        147536    77456    70080
4        120619    63867    56752
5        113209    59895    53314
6        106298    56674    49624
7        82022     43823    38199
8        102508    54469    48039
9        97232     51550    45682
10       105687    56056    49631
11       94921     49860    45061
12       94580     49810    44770
13       102911    53931    48980
14       102189    53573    48616
15       114631    60100    54531
16       136523    73107    63416
17       188966    101045   87921
18       273696    143842   129854
19       357262    186774   170488
20       520476    272925   247551
21       537731    280007   257724
22       521044    270446   250598
23       556328    287482   268846
24       497449    257179   240270
