Age      Sum         Man        Woman
------------------------------------------
0        13786434    7461199    6325235
1        15657955    8574973    7082982
2        15617375    8507697    7109678
3        15250805    8272491    6978314
4        15220041    8246206    6973835
5        14732137    7988151    6743986
6        14804470    8034452    6770018
7        13429161    7292300    6136861
8        13666956    7423559    6243397
9        14248825    7726203    6522622
10       14454357    7830808    6623549
11       13935714    7522558    6413156
12       15399559    8288987    7110572
13       15225032    8161000    7064032
14       15893800    8463924    7429876
15       18024484    9524898    8499586
16       18790521    9795181    8995340
17       20775369    10760828   10014541
18       20755274    10744556   10010718
19       21543466    11079367   10464099
20       28026954    14201091   13825863
21       26556649    13357755   13198894
22       24474192    12281148   12193044
23       25695955    12876542   12819413
24       22658768    11292037   11366731
