Year      People
------------------
2009      16150000
2008      16080000
2007      15940000
2006      15840000
2005      16170000
2004      15930000
2003      15990000
2002      16470000
2001      17020000
2000      13793799
1999      11495247
1998      14010711
1997      14454335
1996      15224282
1995      16933559
1994      16470140
1993      17914756
1992      18752106
1991      20082026
1990      26210044
1989      25137678
1988      24576191
1987      25282644
1986      23190076
1985      20429326
1984      20313426
1983      20065048
1982      23100427
1981      19122938
1980      18393809
